10 0 0.075
0.1 0.1 0.2
3 1 10
-150.0 -150.0 +0.3
150.0 150.0 10.0
0.900593 3.33938 0.671589
-1.96391 -4.29988 0.554531
1.43727 -1.27806 0.691431
-3.4886 3.58985 0.594722
2.14014 0.795592 0.607475
-3.53838 -1.70583 0.529935
-2.69348 -1.10106 0.68052
-0.830625 -0.245434 0.624702
-1.57133 1.6951 0.56344
-4.30957 -0.473756 0.503998
-0.185333 1.83001 0.676095
4.05688 -2.74683 0.613038
3.54149 0.0869989 0.683345
4.08523 -4.04381 0.555544
-3.42951 0.675299 0.640747
-2.05178 -0.647106 0.651221
3.79808 1.74654 0.58984
1.54878 0.322101 0.546107
-1.01977 1.15244 0.594974
-3.85223 -3.95397 0.570809
