159
0.0514074
0.0104055
0.00903578
0.0121074
0.00756558
0.00697076
0.00221129
0.00807604
0.00889582
0.00867547
0.00909389
0.00834231
0.00926261
0.00831367
0.00660869
0.00518208
0.00845149
0.00302749
0.00194495
0.00152222
0.00167607
0.00136864
0.00203912
0.00146067
0.00172563
0.002246
0.00187828
0.00111016
0.00366133
0.00385556
0.00296702
0.00242459
0.00327754
0.00477408
0.00330757
0.00415178
0.0078059
0.00804211
0.0063081
0.00690134
0.00710865
0.0110533
0.00734296
0.0104812
0.00782222
0.00733961
0.00255646
0.00210698
0.00189462
0.00193179
0.00195403
0.00161755
0.00248952
0.00199388
0.00190474
0.00176676
0.00127799
0.0014903
0.00163276
0.00212377
0.00220704
0.00289661
0.00317695
0.00402083
0.0139992
0.00625237
0.00704891
0.00587019
0.00644926
0.00710807
0.0100059
0.0144949
0.0069804
0.00337636
0.00118274
0.00132154
0.00109653
0.00111613
0.00141901
0.00134274
0.00195914
0.00170585
0.00112175
0.00125151
0.00196287
0.0019308
0.00182764
0.00253887
0.00184819
0.00171724
0.0017121
0.00151275
0.00241749
0.00187094
0.00374539
0.00398499
0.00207057
0.00206106
0.00328002
0.00127772
0.000631957
0.00208816
0.000690525
0.00190811
0.000660741
0.00150862
0.000508614
0.00132943
0.000714303
0.00209724
0.00187558
0.00124691
0.00183693
0.00170235
0.000499496
0.000493619
0.000508033
0.000495274
0.000828838
0.00011546
9.28758e-05
0.000114649
0.000101907
9.18931e-05
8.1415e-05
0.000114104
0.000122424
0.000160996
0.000135772
7.7848e-05
9.29825e-05
9.302e-05
0.000108362
0.000101911
0.000168301
0.000204487
0.000116647
0.000131546
9.63343e-05
0.000110472
0.000138569
0.000186988
0.000162575
0.000152438
0.000284055
0.000128629
0.000142685
0.000104976
0.000132284
0.00015198
0.00017935
0.000121265
9.2322e-05
0.000157182
8.00144e-05
7.97187e-05
8.8023e-05
0.000101551
0.000114232
2.40223
9.5977
7.77807
8.47217
6.10188
2.32758
6.34688
1.76344
1.25839
4.84879
1.97003
15.6234
9.70372
14.0179
6.24502
1.8955
9.24954
2.58417
0.798523
3.74704
1.05545
1.06718
1.08361
1.10692
1.13487
1.16912
1.20773
1.25165
1.23659
1.19196
1.14648
1.10181
1.05992
1.02306
0.993701
0.974355
0.967334
0.974421
0.996593
1.0339
1.08553
1.15007
1.18202
1.17226
1.11383
1.01566
0.921419
0.832301
0.750676
0.679304
0.621171
0.562499
0.455924
0.362651
0.293569
0.265617
0.2884
0.349948
0.432117
0.523619
0.548576
0.430878
0.339391
0.296644
0.320131
0.396179
0.499648
0.521291
0.489476
0.488462
0.518541
0.574554
0.649183
0.735789
0.762035
0.749848
0.741384
0.665457
0.576901
0.497824
0.432286
0.386161
0.36599
0.375341
0.411743
0.468642
0.539394
0.525432
0.502579
0.486147
0.475758
0.470699
0.470103
0.473092
0.478837
0.486649
0.495649
0.505451
0.515634
0.52548
0.53515
0.544094
0.552186
0.559817
0.565341
0.568048
0.56677
0.561269
0.551225
0.537478
0.521304
0.504621
0.48965
0.476318
0.467543
0.463876
0.466996
0.478152
0.497605
0.526351
0.563199
0.588897
0.5136
0.445203
0.38755
0.347697
0.3323
0.345932
0.385806
0.445705
0.519046
0.60138
0.660125
0.608461
0.556685
0.505598
0.456342
0.410525
0.370384
0.33885
0.319275
0.314504
0.325571
0.351144
0.388346
0.434028
0.485525
0.540825
0.598466
0.657389
0.716818
0.776167
0.83473
0.892102
0.947941
1.00198
1.00402
1.00396
1.00392
1.00387
1.00384
1.0038
1.00378
1.00375
1.00373
1.00372
1.0037
1.00369
1.00368
1.00368
1.00368
1.00367
1.00367
1.00368
1.00368
1.00368
1.00369
1.00369
1.0037
0.5
0.5
0.5
0.5
0.5
0.5
0.5
0.5
0.5
0.5
0.5
0.5
0.5
0.4
0.316228
0.223607
0.141421
0.2
0.2
0.2
0.2
0.3
0.3
0.3
0.3
0.3
0.3
0.282843
0.223607
0.2
0.1
0.2
0.2
0.2
0.2
0.2
0.141421
0.223607
0.223607
0.3
0.3
0.3
0.3
0.3
0.3
0.3
0.3
0.223607
0.223607
0.223607
0.2
0.2
0.2
0.2
0.2
0.2
0.2
0.2
0.2
0.2
0.2
0.2
0.223607
0.2
0.1
0.1
0.2
0.2
0.223607
0.223607
0.223607
0.223607
0.141421
0.2
0.2
0.141421
0.223607
0.223607
0.3
0.3
0.3
0.4
0.4
0.4
0.4
0.447214
0.447214
0.447214
0.5
0.5
0.5
0.424264
0.282843
0.223607
0.2
0.1
0.141421
0.2
0.2
0.1
0.1
0.141421
0.223607
0.223607
0.316228
0.4
0.4
0.4
0.4
0.4
0.4
0.4
0.4
0.4
0.4
0.4
0.4
0.4
0.4
0.4
0.4
0.4
0.4
0.4
0.4
0.4
0.4
0.4
0.4
0.4
0.4
0.4
0.4
0.4
0.4
0.4
0.4
0.4
0.4
0.4
0.4
0.4
0.4
0.4
0.4
0.4
0.4
0.4
0.4
0.4
0.4
0.4
0.4
0.4
0.4
0.4
0.4
0.4
0.4
11.925
0.0318107
0.00318107
5.08971
6.58349
0.682495
0.265617
0.320213
0.1
